0 0 1
32 0 1
64 0 1
96 0 1
128 0 3
160 0 2
192 0 3
224 0 3
256 0 2
288 0 1
320 0 3
352 0 2
384 0 2
416 0 1
448 0 2
480 0 1
514 0 2

0 12 1
32 12 1
64 12 1
96 12 1
128 12 3
160 12 2
192 12 3
224 12 3
256 12 2
288 12 1
320 12 3
352 12 2
384 12 2
416 12 1
448 12 2
480 12 1
514 12 2

0 24 1
32 24 1
64 24 1
96 24 1
128 24 3
160 24 2
192 24 3
224 24 3
256 24 2
288 24 1
320 24 3
352 24 2
384 24 2
416 24 1
448 24 2
480 24 1
514 24 2

0 36 1
32 36 1
64 36 1
96 36 1
128 36 3
160 36 2
192 36 3
224 36 3
256 36 2
288 36 1
320 36 3
352 36 2
384 36 2
416 36 1
448 36 2
480 36 1
514 36 2

0 48 1
32 48 1
64 48 1
96 48 1
128 48 3
160 48 2
192 48 3
224 48 3
256 48 2
288 48 1
320 48 3
352 48 2
384 48 2
416 48 1
448 48 2
480 48 1
514 48 2

0 60 1
32 60 1
64 60 1
96 60 1
128 60 3
160 60 2
192 60 3
224 60 3
256 60 2
288 60 1
320 60 3
352 60 2
384 60 2
416 60 1
448 60 2
480 60 1
514 60 2

0 72 1
32 72 1
64 72 1
96 72 1
128 72 3
160 72 2
192 72 3
224 72 3
256 72 2
288 72 1
320 72 3
352 72 2
384 72 2
416 72 1
448 72 2
480 72 1
514 72 2

0 84 1
32 84 1
64 84 1
96 84 1
128 84 3
160 84 2
192 84 3
224 84 3
256 84 2
288 84 1
320 84 3
352 84 2
384 84 2
416 84 1
448 84 2
480 84 1
514 84 2

0 96 1
32 96 1
64 96 1
96 96 1
128 96 3
160 96 2
192 96 3
224 96 3
256 96 2
288 96 1
320 96 3
352 96 2
384 96 2
416 96 1
448 96 2
480 96 1
514 96 2

0 108 1
32 108 1
64 108 1
96 108 1
128 108 3
160 108 2
192 108 3
224 108 3
256 108 2
288 108 1
320 108 3
352 108 2
384 108 2
416 108 1
448 108 2
480 108 1
514 108 2

0 120 1
32 120  1
64 120  1
96 120  1
128 120  3
160 120  2
192 120  3
224 120  3
256 120  2
288 120  1
320 120  3
352 120  2
384 120  2
416 120  1
448 120  2
480 120  1
514 120  2

0 132 1
32 132  1
64 132  1
96 132  1
128 132  3
160 132  2
192 132  3
224 132  3
256 132  2
288 132  1
320 132  3
352 132  2
384 132  2
416 132  1
448 132  2
480 132  1
514 132  2



